2210319thGra2.0.dat 0.0 1589.0 2683.5 0.20799826609252164 3.402457088325728 10.0 2.9390524965946807 0.0 36.48953727573189
2210319thGra.0.dat 1335.5 1585.0 2677.5 0.36628239531649864 4.132573667589934 10.0 2.419799573913434 0.08863299841188554 34.38340928628577
2210319thGra2.1.dat 0.0 1587.0 2677.5 0.3013917876485989 3.451193823843658 10.0 2.8975480689933595 0.0 37.594762026561966
2210319thGra.1.dat 0.0 1585.0 2675.0 0.15841165295021745 3.0941623790740485 10.0 3.2318924396568276 0.0 33.374230087096294
2210319thGra.2.dat 0.0 1587.5 2681.5 0.2425451678837588 5.428893330712734 10.0 1.8419960369136865 0.0 31.83412369626967
2210319thGra2.2.dat 0.0 1586.5 2679.5 0.2646787144939093 4.034686915909421 10.0 2.4785070585200524 0.0 34.32790820935088
2210319thGra2.3.dat 0.0 1588.5 2680.0 0.19395042787081007 3.3712859650449776 10.0 2.9662271618855645 0.0 35.89848207341947
2210319thGra.3.dat 0.0 1587.5 2680.5 0.11243092973629418 2.8126716324980574 10.0 3.5553385914155076 0.0 34.4777509595624
2210319thGra2.4.dat 0.0 1590.0 2683.5 0.3937324924192182 3.5121882680649694 10.0 2.8472277784554736 0.0 34.788066726709985
2210319thGra.4.dat 0.0 1586.5 2680.5 0.09660318982192512 3.688840107885252 10.0 2.7108792215265805 0.0 33.90595740746858
mean 1335.5 1587.25 2679.9 0.23380250242337527 3.692895317894878 10.0 2.7888468427875166 0.06343646443615913 34.70742277484569
std 0.0 1.5370426148939398 2.5475478405713994 0.09498375995261991 0.6881846083997282 0.0 0.44588797637957994 0.02461491689991871 1.546452327429072
