2209303rdonpur.0.dat 1345.0 1587.5 2682.5 2.1107798158504885 3.0961774171189136 10.0 3.2297890762685366 0.6817373591642021 34.64484933897893
2209303rdonpur.1.dat 1345.0 1590.5 2682.5 2.11408081170579 4.439677860554906 10.0 2.2524156738593013 0.4761788756091316 37.37504091028859
2209303rdonpur.2.dat 1345.5 1592.5 2684.5 3.121326624343536 5.794758376509048 10.0 1.7256974925025825 0.5386465528911191 37.15578305727513
2209303rdonpur.3.dat 1345.5 1592.0 2683.5 4.632245955483853 6.385447956047729 10.0 1.5660608415935624 0.7254378999513419 31.02698959741656
2209303rdonpur.4.dat 1345.0 1590.5 2683.0 4.1866982540217 6.818180158650923 10.0 1.4666670236502883 0.6140492267147866 32.23570811657373
2209303rdonpur.5.dat 1346.0 1591.0 2683.0 3.1670151462145597 6.497274447314019 10.0 1.5391069103035986 0.487437489657499 34.3960598793783
2209303rdonpur.6.dat 1346.5 1592.0 2683.0 2.612044969365161 5.753258537244949 10.0 1.7381454240693102 0.4540114010965316 33.8370046075197
2209303rdonpur.7.dat 1343.5 1588.0 2679.5 2.8466887522469464 4.159845532148788 10.0 2.4039354160428292 0.6843255909977205 36.73605044689293
mean 1345.25 1590.5 2682.6875 3.0988600411540044 5.368077535698659 10.0 1.990227232286251 0.5827280495102914 34.675935744290484
std 0.82915619758885 1.7320508075688772 1.3448396744593758 0.8504767883961241 1.236255812846528 0.0 0.566510590202017 0.1002597829191446 2.1717362050664337
