1348.00000 1587.00000 2691.00000    1.85881    6.01738   10.00000    1.66185    0.30891
1349.50000 1586.50000 2692.00000    1.33703    4.45648   10.00000    2.24392    0.30002
1349.50000 1586.00000 2692.00000    1.77817    8.44074   10.00000    1.18473    0.21067
1350.50000 1587.00000 2690.00000    2.38441    6.00083   10.00000    1.66644    0.39735
1349.50000 1586.50000 2691.50000    1.20552    8.30994   10.00000    1.20338    0.14507
1347.00000 1586.00000 2691.00000    2.00545    6.99745   10.00000    1.42909    0.28660
1348.50000 1586.50000 2692.00000    2.09496    8.80625   10.00000    1.13556    0.23789
1440.00000 1588.00000 2692.00000    0.84521   10.00000    5.50855    0.55086    0.08452
1351.50000 1586.50000 2696.00000    1.64821    8.53537   10.00000    1.17160    0.19310
1347.50000 1586.50000 2691.50000    2.45454   10.00000    9.38594    0.93859    0.24545
