1344.50000 1587.50000 2679.50000    1.52128    3.61806   10.00000    2.76391    0.42047
1340.50000 1584.50000 2676.50000    0.59592    2.74826   10.00000    3.63866    0.21683
1344.00000 1588.00000 2679.50000    1.86431    2.77162   10.00000    3.60800    0.67264
1341.00000 1586.50000 2678.00000    0.43865    2.91630   10.00000    3.42900    0.15041
1342.50000 1585.50000 2677.00000    1.44418    2.70632   10.00000    3.69505    0.53363
1344.00000 1587.00000 2679.00000    1.36651    2.98861   10.00000    3.34604    0.45724
1344.00000 1586.50000 2678.50000    0.60906    3.04026   10.00000    3.28919    0.20033
1343.00000 1585.00000 2677.50000    1.09316    2.63040   10.00000    3.80171    0.41559
1347.50000 1588.50000 2681.50000    0.36942    3.69731   10.00000    2.70467    0.09992
1345.00000 1587.50000 2679.50000    0.53711    3.40956   10.00000    2.93293    0.15753
1345.00000 1587.00000 2678.50000    1.43188    3.97824   10.00000    2.51367    0.35993
1344.50000 1585.00000 2677.00000    0.50738    2.43052   10.00000    4.11434    0.20875
