2210269thL.0.dat 1346.5 1588.5 2682.5 0.6808982219829007 3.7647412542770824 10.0 2.656225042993089 0.18086189089604485 35.42271569877266
2210269thL2.0.dat 0.0 1584.0 2682.0 0.18136033750225872 5.049195278608938 10.0 1.9805136161727177 0.0 36.176123441240634
2210269thL.1.dat 0.0 1589.0 2684.5 0.2213668958431826 4.085519886455511 10.0 2.4476689082220413 0.0 34.295745281106974
2210269thL2.1.dat 0.0 1588.0 2682.0 0.17027193806671687 2.9790520046520146 10.0 3.3567725519340534 0.0 33.58002872757743
2210269thL2.2.dat 1342.0 1587.5 2681.0 0.39997328424519835 3.713348254856985 10.0 2.692987383265278 0.1077123008115496 32.92902811680506
2210269thL.2.dat 0.0 1589.5 2682.0 0.20170251852649218 3.951956202394279 10.0 2.530392415265517 0.0 35.672754040047494
2210269thL.3.dat 1334.5 1587.5 2679.5 0.5173744641361331 3.7886085417274535 10.0 2.639491488724882 0.13656054945709198 33.300225992653395
2210269thL.4.dat 1349.0 1589.0 2682.0 1.091514452748482 3.298147962845552 10.0 3.0320046622081422 0.33094769096009663 35.32221165420424
mean 1343.0 1587.875 2681.9375 0.43305776413142055 3.828821173227227 10.0 2.6670070085982154 0.11929743123070097 34.587354119050985
std 5.5113519212621505 1.6153559979150107 1.3095204274848102 0.30289029581256793 0.5693360611895638 0.0 0.37891193792722844 0.0926895916522447 1.1427275274338116
