2209305thonpur.0.dat 1347.0 1586.0 2691.0 2.005445900805939 6.997451002370139 10.0 1.4290918216666118 0.2865966335636599 34.79605030748144
2210269thL.0.dat 1588.5 2682.5 1355.5 3.7647412542770824 10.0 0.09166313955147717 0.009166313955147717 0.37647412542770825 35.42500424307673
2209306thonpur.0.dat 1589.5 2681.5 1344.0 3.701535241346142 10.0 1.8643061694208651 0.1864306169420865 0.3701535241346142 33.072186296226846
2210069thonpur.0.0.dat 1588.0 2679.5 1310.5 2.771615760185155 10.0 0.18136033750225872 0.01813603375022587 0.2771615760185155 31.938901826100846
2210269thL2.0.dat 1584.0 2682.0 1345.0 5.049195278608938 10.0 2.1107798158504885 0.21107798158504884 0.5049195278608938 36.162636333695446
2209303rdonpur.0.dat 1587.5 2682.5 1346.0 3.0961774171189136 10.0 0.8539190030584403 0.08539190030584402 0.3096177417118914 34.64484933897893
2210034thonpur.0.dat 1589.5 2683.5 1344.0 3.1714979194246067 10.0 1.5100762312986782 0.15100762312986782 0.3171497919424607 33.927267051665694
2210058thonpur1.0.dat 1590.0 2682.0 1344.0 3.7049903247022034 10.0 0.6090629124812988 0.060906291248129886 0.3704990324702203 34.229918607340096
2210069thonpur.1.dat 1586.5 2678.5 1345.0 3.040262439838605 10.0 2.11408081170579 0.21140808117057902 0.30402624398386047 31.131676981244254
2209303rdonpur.1.dat 1590.5 2682.5 1358.5 4.439677860554906 10.0 0.2213668958431826 0.022136689584318258 0.4439677860554906 37.37504091028859
2210269thL.1.dat 1589.0 2684.5 1464.5 4.085519886455511 10.0 0.17027193806671687 0.017027193806671687 0.40855198864555115 34.39814298103147
2210269thL2.1.dat 1588.0 2682.0 1345.5 2.9790520046520146 10.0 0.683132460973121 0.0683132460973121 0.29790520046520147 33.58655471894008
2209306thonpur.1.dat 1589.0 2680.5 1347.5 3.8869088277125967 10.0 2.4545443054936857 0.24545443054936858 0.3886908827712597 34.020242700676135
2209305thonpur.1.dat 1586.5 2691.5 1348.5 10.0 9.385937391042745 1.342950336078418 0.14308110955012676 1.0654236847502596 35.891153793188096
2210034thonpur.1.dat 1585.5 2693.5 1345.5 10.0 5.499856684484281 3.121326624343536 0.5675287200026778 1.8182291964463606 42.049849924403134
2209303rdonpur.2.dat 1592.5 2684.5 1349.5 5.794758376509048 10.0 1.2055180186166492 0.12055180186166492 0.5794758376509048 37.15578305727513
2209305thonpur.2.dat 1586.5 2691.5 1343.0 8.309938798986854 10.0 8.410315749401754 0.8410315749401753 0.8309938798986855 33.40193424338895
2210058thonpur1.2.dat 1664.5 2685.0 1342.0 10.0 6.794451616457343 0.39997328424519835 0.05886763300755479 1.4717891250823334 22.88122540787117
2210269thL2.2.dat 1587.5 2681.0 1341.0 3.713348254856985 10.0 0.4386463685194171 0.04386463685194171 0.3713348254856985 32.92583433921618
2210069thonpur.2.dat 1586.5 2678.0 1344.0 2.916301478994772 10.0 0.8119892143768347 0.08119892143768347 0.2916301478994772 30.83734596210752
2210034thonpur.2.dat 1588.0 2683.0 1393.0 4.885901668449094 10.0 0.20170251852649218 0.02017025185264922 0.4885901668449094 32.57748828734066
2210269thL.2.dat 1589.5 2682.0 1345.5 3.951956202394279 10.0 0.21425078918391724 0.021425078918391724 0.3951956202394279 35.587908434222754
2209306thonpur.2.dat 1589.0 2680.0 1349.5 3.92726741409454 10.0 1.3370342287452475 0.13370342287452475 0.392726741409454 32.53444884284636
2209305thonpur.3.dat 1586.5 2692.0 1343.0 4.456478054890086 10.0 0.4856993480624955 0.04856993480624955 0.4456478054890086 33.22381774262794
2209306thonpur.3.dat 1590.0 2682.0 1345.5 5.283987018210609 10.0 4.632245955483853 0.4632245955483853 0.5283987018210609 32.55470163007658
2209303rdonpur.3.dat 1592.0 2683.5 1343.0 6.385447956047729 10.0 2.0107672518851527 0.20107672518851527 0.638544795604773 31.02698959741656
2210058thonpur1.3.dat 1589.0 2681.5 1345.0 4.807832908562539 10.0 1.4318814473421535 0.14318814473421534 0.48078329085625393 36.34247208839497
2210069thonpur.3.dat 1587.0 2678.5 1334.5 3.978239112331399 10.0 0.5173744641361331 0.05173744641361331 0.3978239112331399 30.79699426761954
2210269thL.3.dat 1587.5 2679.5 1343.5 3.7886085417274535 10.0 0.676391392327564 0.0676391392327564 0.37886085417274534 33.392572369630216
2210034thonpur.3.dat 1588.5 2680.5 1344.5 3.5548110305472234 10.0 1.5212782031198602 0.15212782031198602 0.35548110305472236 32.81956091779057
2210069thonpur.4.dat 1587.5 2679.5 1344.5 3.618062206762384 10.0 1.241759241731888 0.12417592417318879 0.3618062206762384 32.401482918768124
2210058thonpur1.4.dat 1588.5 2683.5 1445.5 4.0593766299200285 10.0 0.16469588324707662 0.016469588324707664 0.40593766299200285 36.90206513140174
2209306thonpur.4.dat 1588.0 2683.0 1349.5 6.125911241737281 10.0 1.7781746446065072 0.17781746446065072 0.6125911241737281 34.354030655713814
2209305thonpur.4.dat 1586.0 2692.0 1349.0 8.4407410360371 10.0 1.091514452748482 0.10915144527484819 0.8440741036037099 34.92657448491309
2210269thL.4.dat 1589.0 2682.0 1343.5 3.298147962845552 10.0 1.131723052970366 0.11317230529703659 0.3298147962845552 35.364489463097016
2210034thonpur.4.dat 1588.0 2680.0 1345.0 3.1639470681666024 10.0 4.1866982540217 0.41866982540217 0.31639470681666026 32.909261359051015
2209303rdonpur.4.dat 1590.5 2683.0 1352.5 6.818180158650923 10.0 0.8541401815450973 0.08541401815450973 0.6818180158650924 32.23570811657373
2209277thpur.5.dat 1583.5 2698.0 1346.0 7.394247740920882 10.0 3.1670151462145597 0.31670151462145596 0.7394247740920882 40.43914610010779
2209303rdonpur.5.dat 1591.0 2683.0 1346.0 6.497274447314019 10.0 0.18551301072681392 0.01855130107268139 0.6497274447314019 34.3960598793783
2209306thonpur.5.dat 1353.0 1586.0 2687.0 0.20883483608074532 10.0 5.302978837497462 0.5302978837497462 0.0 39.52872216959349
2209305thonpur.5.dat 1351.5 1586.5 2696.0 1.6482114927315537 8.535372613417982 10.0 1.1715950144085754 0.1931036367575204 36.71717287090178
2210069thonpur.5.dat 1344.5 1585.0 2677.0 0.5073763008311923 2.430522013499108 10.0 4.114342492871921 0.20875198743859416 29.72855560264634
2210034thonpur.5.dat 1343.5 1587.5 2680.5 1.0951712638524937 3.191151941776731 10.0 3.133664639745208 0.34318994639996286 32.05791919535386
2210069thonpur.6.dat 1342.5 1585.5 2677.0 1.4441784941512288 2.706322051941241 10.0 3.6950517374039107 0.5336314253934862 31.438928993558875
2209277thpur.6.dat 1352.0 1585.5 2698.0 0.928750261087135 10.0 7.965814154509884 0.7965814154509884 0.0928750261087135 39.17000290006308
2209305thonpur.6.dat 1350.5 1587.0 2690.0 2.3844121979744517 6.000833266494644 10.0 1.6664352358920729 0.3973468503595491 26.191957578375423
2209303rdonpur.6.dat 1346.5 1592.0 2683.0 2.612044969365161 5.753258537244949 10.0 1.7381454240693102 0.4540114010965316 33.8370046075197
2209306thonpur.6.dat 1349.0 1589.5 2682.5 0.5594871593330925 4.914449455669422 10.0 2.034815921947019 0.11384533799358852 32.77347878937644
2210034thonpur.6.dat 1346.0 1583.5 2686.0 1.679083235907074 7.550563359109227 10.0 1.3244044880354124 0.2223785373420352 36.44327912984227
2209305thonpur.7.dat 1348.0 1587.0 2691.0 1.858810893592545 6.017379160477919 10.0 1.6618530648159737 0.30890705804300894 30.131150288258596
2209277thpur.7.dat 1353.5 1585.0 2702.5 0.8690347742065665 10.0 4.039282050269581 0.40392820502695814 0.08690347742065666 45.811324725296345
2209306thonpur.7.dat 1359.0 1585.5 2687.0 0.9208293230328244 6.21718214140642 10.0 1.6084457190662023 0.14811039826227754 41.60393584415806
2209303rdonpur.7.dat 1343.5 1588.0 2679.5 2.8466887522469464 4.159845532148788 10.0 2.4039354160428292 0.6843255909977205 36.73605044689293
2210069thonpur.7.dat 1343.0 1585.0 2677.5 1.0931640870586932 2.630396342548938 10.0 3.8017084491189954 0.4155891146044487 31.15686105001805
2210069thonpur.8.dat 1340.5 1584.5 2676.5 0.5959192961262504 2.7482632333907864 10.0 3.6386616385585726 0.21683486824914136 30.24039224553735
2209277thpur.8.dat 1351.5 1585.5 2699.5 1.0986713966895825 10.0 7.036960352537407 0.7036960352537407 0.10986713966895825 49.14066026196133
2209305thonpur.8.dat 1440.0 1588.0 2692.0 0.8452127461502862 10.0 5.50855317322593 0.550855317322593 0.08452127461502862 33.04509730859991
2209277thpur.9.dat 1356.0 1584.5 2699.5 0.9791876259222015 9.78261298312502 10.0 1.022221774207972 0.10009469122526848 42.145082513058696
2210069thonpur.9.dat 1347.5 1588.5 2681.5 0.3694237145753316 3.6973131222392293 10.0 2.7046667862265426 0.09991680508563336 29.02989320542656
2209305thonpur.9.dat 1348.5 1586.5 2692.0 2.0949622117705795 8.806248208287858 10.0 1.1355573637577763 0.23789497663703593 29.801163894432648
2209277thpur.10.dat 1348.5 1585.0 2698.5 1.25888877613006 10.0 4.955281850606317 0.49552818506063173 0.125888877613006 39.89745868877617
2210034thonpur.10.dat 1344.5 1586.5 2683.5 1.669523001018748 4.640298169726098 10.0 2.155033929767981 0.35978787137234647 35.84352847415721
2210069thonpur.10.dat 1345.0 1587.5 2679.5 0.537112410233705 3.409558783434486 10.0 2.9329308086974497 0.1575313535708177 31.14732263388896
2210069thonpur.11.dat 1344.0 1587.0 2679.0 1.366508584982157 2.9886093294696274 10.0 3.3460378716594072 0.45723894772980045 31.234784092530845
mean 1493.2421875 2237.828125 1894.359375 3.4740448942139155 8.357154327183796 4.5349064609703085 0.8753914591603651 0.4168871747845492 34.36701716908426
std 118.20354505667267 538.8036459569333 656.1453932625066 2.4496302388097595 2.579277765186484 4.091698581232622 1.142112913954222 0.3005922445847087 4.2014013494547475
